0 0.413750 0.480000 0.392500 0.306667
0 0.152500 0.806667 0.305000 0.213333
0 0.827500 0.515000 0.250000 0.123333
0 0.830000 0.633333 0.250000 0.133333
0 0.793750 0.810000 0.217500 0.253333
0 0.693750 0.378333 0.262500 0.123333
0 0.665000 0.275000 0.155000 0.056667
0 0.378750 0.165000 0.172500 0.070000
0 0.575000 0.195000 0.175000 0.076667
0 0.738750 0.158333 0.137500 0.090000
0 0.657500 0.095000 0.105000 0.050000
0 0.548750 0.070000 0.117500 0.040000
0 0.438750 0.095000 0.117500 0.043333
0 0.260000 0.113333 0.085000 0.033333
0 0.291250 0.063333 0.062500 0.020000
0 0.311250 0.023333 0.057500 0.020000
0 0.380000 0.040000 0.060000 0.026667