0 0.343333 0.460000 0.086667 0.040000
0 0.333333 0.418750 0.060000 0.027500
0 0.320000 0.621250 0.066667 0.032500
0 0.283333 0.721250 0.093333 0.042500
0 0.436667 0.798750 0.213333 0.137500
0 0.866667 0.660000 0.053333 0.050000
0 0.645000 0.691250 0.056667 0.052500
0 0.528333 0.418750 0.050000 0.022500
0 0.766667 0.383750 0.146667 0.037500
0 0.911667 0.435000 0.043333 0.025000
0 0.861667 0.461250 0.043333 0.022500
0 0.958333 0.540000 0.076667 0.025000
0 0.943333 0.511250 0.060000 0.017500
0 0.675000 0.576250 0.063333 0.027500
0 0.730000 0.620000 0.040000 0.025000
0 0.611667 0.938750 0.116667 0.117500