0 0.421250 0.716667 0.222500 0.106667
0 0.655000 0.846667 0.130000 0.120000
0 0.575000 0.638333 0.115000 0.063333
0 0.543750 0.568333 0.092500 0.050000
0 0.430000 0.608333 0.095000 0.050000
0 0.417500 0.506667 0.085000 0.033333
0 0.616250 0.480000 0.162500 0.040000
0 0.723750 0.516667 0.097500 0.040000
0 0.526250 0.433333 0.087500 0.026667
0 0.077500 0.656667 0.155000 0.086667
0 0.130000 0.581667 0.100000 0.043333
0 0.178750 0.538333 0.112500 0.050000
0 0.243750 0.468333 0.067500 0.023333
0 0.310000 0.435000 0.070000 0.023333
0 0.266250 0.395000 0.107500 0.030000
0 0.396250 0.350000 0.102500 0.026667
0 0.355000 0.373333 0.065000 0.020000
0 0.511250 0.386667 0.057500 0.020000