0 0.281250 0.643333 0.412500 0.266667
0 0.253125 0.416667 0.077083 0.040000
0 0.134375 0.898333 0.127083 0.196667
0 0.639583 0.715000 0.141667 0.143333
0 0.692708 0.871667 0.085417 0.136667
0 0.810417 0.825000 0.120833 0.143333
0 0.827083 0.663333 0.162500 0.120000
0 0.878125 0.555000 0.235417 0.143333
0 0.711458 0.456667 0.085417 0.080000
0 0.769792 0.398333 0.131250 0.070000
0 0.600000 0.540000 0.145833 0.146667
0 0.479167 0.421667 0.070833 0.070000
0 0.947917 0.793333 0.100000 0.133333
0 0.492708 0.731667 0.064583 0.110000