0 0.355535 0.525000 0.069418 0.043333
0 0.121951 0.818333 0.153846 0.176667
0 0.202627 0.888333 0.082552 0.103333
0 0.329268 0.728333 0.091932 0.090000
0 0.427767 0.745000 0.093809 0.083333
0 0.565666 0.765000 0.076923 0.063333
0 0.485929 0.876667 0.090056 0.100000
0 0.345216 0.895000 0.097561 0.110000
0 0.401501 0.971667 0.127580 0.050000
0 0.634146 0.948333 0.127580 0.083333
0 0.458724 0.570000 0.043152 0.040000
0 0.421201 0.543333 0.035647 0.020000
0 0.527205 0.520000 0.153846 0.133333
0 0.772045 0.706667 0.324578 0.233333
0 0.933396 0.906667 0.129456 0.180000