0 0.344768 0.543333 0.106346 0.093333
0 0.366209 0.443333 0.077187 0.066667
0 0.476844 0.490000 0.068611 0.053333
0 0.582333 0.513333 0.070326 0.053333
0 0.588336 0.381667 0.068611 0.063333
0 0.716123 0.390000 0.063465 0.073333
0 0.481132 0.671667 0.156089 0.143333
0 0.516295 0.843333 0.106346 0.140000
0 0.901372 0.125000 0.162950 0.096667
0 0.507719 0.195000 0.109777 0.056667
0 0.348199 0.285000 0.068611 0.043333
0 0.269297 0.213333 0.065180 0.053333
0 0.213551 0.266667 0.056604 0.053333
0 0.132933 0.301667 0.097770 0.063333
0 0.233276 0.383333 0.096055 0.080000
0 0.344768 0.331667 0.054889 0.043333
0 0.749571 0.245000 0.058319 0.043333